64430
87936
98310
98142
73170
65508
72642
63792
88319
38149
88982
34137
79589
49164
49746
53896
21240
88691
47697
38234
74901
70760
16084
77408
81054
68478
52984
14952
42548
21427
92508
22650
48388
49540
65666
45713
42419
64757
58273
10576
31508
21718
55862
29892
35978
18953
51379
16417
66023
28031
69178
56463
33368
16434
97551
46904
25697
37363
11282
35209
66763
85271
33759
17008
97073
24061
53095
12374
25571
37178
88710
64979
49734
73780
55802
78442
97220
39845
27359
66371
50236
54937
11989
61602
83376
84545
24250
29247
48897
89795
60748
32745
66967
63073
71949
30876
43640
37703
19198
43605
35757
20959
29302
56530
95611
60818
18302
25344
91669
67090
44280
17423
56952
23067
45925
84963
29175
89724
85282
86399
34615
47895
68604
30689
66582
72688
47389
66229
32205
95885
56440
87356
67641
20678
31065
95705
90463
51401
73186
45910
26499
94815
46840
47483
11870
28799
24832
83929
39407
73986
66614
75392
70204
99686
85726
47638
81669
70370
53783
54371
72567
87969
81067
61446
76471
64431
42080
14486
82716
49351
36159
56913
96843
66639
91239
65785
49114
58894
45307
38693
21963
46504
22201
15556
86120
21887
32242
61544
29147
24239
30163
95900
71487
69076
68557
80423
92873
59391
15416
90803
25081
10323
75418
92762
32178
72035
30702
70262
10801
69510
38295
57266
39071
20540
57027
77729
96980
65961
55385
86139
72873
95457
84209
93774
67731
81176
50239
74772
91982
40004
52769
40693
50506
71898
99210
45079
17581
83211
52582
62597
20716
18630
20835
75099
56109
31503
60392
26052
49938
16604
94700
52740
84337
46814
68259
79927
57010
73378
83131
84704
36494
43734
85678
65197
80121
97038
59873
54928
46120
68979
88690
38840
66900
59182
15538
60198
57452
12212
62853
67754
86454
94629
80986
76966
78419
12343
26294
18240
72971
69610
96198
25389
29670
39477
58028
77097
95031
32844
12618
82959
40438
58980
26176
81464
31997
82384
54010
63959
43239
45375
36278
96601
82935
13493
17988
59523
69133
59959
89068
31067
55300
36759
91317
58240
22368
60765
72733
19688
90158
11176
53051
76632
98132
73098
46753
44849
62899
71237
56670
18624
32614
98452
51626
55943
59443
96628
77928
76256
13944
12446
70331
46097
46415
29460
73685
53969
82435
65769
89700
80281
97402
11127
50692
43989
40319
85446
58820
77545
34103
83858
23402
82147
15719
16987
41519
29178
92027
92998
52103
64962
81888
92252
88397
13852
73603
95704
36045
38834
85241
94036
90984
44738
48078
40832
78789
42210
16967
76704
69647
41412
50365
33725
90837
25000
55672
50507
82260
58284
79462
76384
49652
24386
76993
11077
58255
81122
63846
69361
19338
28857
33643
61915
54227
16162
21546
15120
63185
44681
25644
12963
41952
46649
46412
32401
81393
13678
68025
27934
91794
98970
18314
19908
69828
89139
71402
64070
55145
65851
98808
57244
18541
88135
77694
52608
67204
47233
99317
84111
71316
24604
28504
64952
72718
55834
30446
37415
41743
26267
33658
50677
71609
26047
31723
44390
53788
84829
57972
93241
38576
44958
94256
41263
75946
20333
55509
39858
88032
98778
89995
28456
61789
78073
77073
86999
42298
50995
32947
40617
84633
19900
17816
32530
17673
38208
54880
10746
36110
80179
55819
28442
88289
83346
37597
45978
52946
64609
24593
92409
60718
26498
14277
90961
19915
68301
56321
15922
80444
49913
97519
81867
72049
98003
29774
83596
65711
94799
52228
35681
86161
99764
13342
19557
85701
67265
24579
99212
11279
81879
42791
98914
29879
87696
54212
30014
43433
31827
27323
47887
12778
38504
11985
88281
60313
84487
10753
11349
58532
37463
74158
47713
52617
75642
86070
89264
13839
16425
15973
97324
74858
30114
91599
47093
50285
14846
89741
27133
38409
34370
43982
22858
57345
40807
75561
14111
49442
61122
97636
43772
55030
52741
74578
50656
62586
99380
41885
95691
68929
32180
27880
15658
40225
54028
51248
55585
34730
72713
48744
50628
66099
84471
74726
63777
38782
62565
30082
66224
17798
65148
50731
60010
71057
79087
63666
61860
46372
40076
81205
29232
91161
80675
45465
80432
84712
32924
27386
35781
28248
33634
93878
26858
63868
94063
26657
65635
47508
87138
33328
70031
81151
42263
85424
21504
76646
36770
76459
58215
20418
68543
71082
24484
70941
71613
98938
42671
11798
55015
92532
10415
89920
36610
11196
61243
47794
10054
90743
12980
43206
23376
45693
79629
69524
30811
76688
50584
46173
22138
98933
55451
97723
39097
29080
58962
71265
14559
14366
68344
48432
38005
85989
98422
20685
69814
11356
39329
52898
43135
20409
52446
63515
19371
16430
45803
66092
80760
64945
43951
87271
91354
32506
15452
87783
90937
68208
91228
35773
74252
96573
29447
61206
75242
76850
22095
78467
27611
18974
74621
19469
26785
99803
96042
61772
21746
44817
65817
90360
40529
63336
57489
41980
61947
72393
72994
38393
61264
28725
68461
68050
97146
13195
48395
55269
43616
76357
50496
97083
32806
71713
91635
23121
27917
61595
96038
51300
99332
49914
87083
39253
98686
63961
76429
84657
18867
28534
20843
40011
28716
64363
41215
74285
37245
53602
73935
35283
84164
26264
49434
67281
47315
21216
57730
55530
23807
79378
81270
89580
81287
37987
29721
76282
82973
43095
57911
15665
97099
77440
61564
38697
91585
66058
96221
80464
52031
74599
44495
37781
42333
25393
31875
25513
52578
83883
13961
86512
52957
70656
32267
67751
83650
11249
82052
60178
78052
92063
47149
82429
24749
26862
77843
24471
15084
15444
15492
22651
62625
49448
47125
45650
76382
28236
24712
26908
51661
33112
59018
12648
47726
16833
17720
64016
62900
66411
47653
78845
98508
83446
50837
85485
41709
84178
27821
89199
95089
80677
84551
84718
14520
61473
69357
36592
88660
92407
17708
27217
51540
93978
83790
46160
21508
20593
12368
46760
46693
90007
63689
98781
77580
24571
37950
63333
14765
41979
65602
34240
40909
25236
56096
85735
37637
34344
53389
66490
18024
45153
94052
67564
54685
89848
15698
67033
23435
99883
32300
82028
19382
40073
86881
42474
59165
60370
74295
98654
87697
68417
32125
23153
32963
18366
74792
78281
41693
41188
19719
44395
75495
14585
94358
13464
58483
44941
91349
95485
58981
43473
51945
40385
32646
73150
12154
55441
98025
15339
31543
65949
31434
57312
91833
23286
58987
12591
37648
97542
33381
69851
60076
86697
25533
68777
47390
94550
61539