75582
20843
72035
69076
50561
20716
84718
89556
66913
43160
10253
95932
92389
98263
92762
43420
95725
37648
66763
98154
20452
11404
74024
32178
45709
92252
55239
20843
69422
20329
81533
76459
81843
25697
12373
16199
10468
30375
43473
20540
42210
52578
92252
20716
50547
43473
31038
83883
24679
55268
45771
93602
20147
43473
73418
19198
60996
35781
92252
72035
27103
69322
94633
83883
21870
55053
92252
92762
51808
10953
67938
48065
80760
81067
37177
90493
32178
25697
39117
17473
82028
41865
69107
78467
75395
42210
55446
37936
21653
26960
39097
20716
43473
21718
83590
83883
21718
37133
43473
42609
54910
23081
52984
82308
42671
39516
61539
25697
80760
98098
59977
65400
78467
72035
76133
87050
32178
74826
49648
77097
52896
52578
72035
20716
92521
76209
87846
64769
70746
83814
19941
21436
92252
45960
75217
69076
44022
36472
48543
49551
84718
20415
43473
94710
43473
14080
79589
51875
53253
62364
44738
21277
55613
21718
19198
92252
30026
60748
11004
35046
87098
32178
60748
98023
92252
25697
80760
13466
52984
15539
15090
88064
44738
89714
42210
76459
86785
41438
79589
80286
52722
44738
84718
61539
86377
81067
92762
37648
73990
62852
48652
83883
60590
47403
70174
85726
10245
87955
80760
70939
81067
46564
60748
43409
20716
25025
11797
20843
60970
56933
27487
71215
92542
21718
81151
90745
28442
19198
82179
91952
61041
44738
83883
92762
14982
26473
13336
81067
80690
89466
72035
42210
26856
68597
32178
53505
94678
28309
50257
92762
38593
73077
30809
18088
42210
72884
83711
17008
20540
85679
29256
69859
25174
64723
34542
18036
78467
90472
30214
37648
40475
90827
61539
81067
24363
85579
72035
17827
33920
32133
90929
92762
67817
85839
81151
54586
71692
79875
67888
53532
52984
92403
30351
77097
92762
20540
75804
23339
58631
81067
31081
13525
76459
79589
21718
27842
78097
43989
96437
43688
20716
80760
39610
24846
35781
83883
20844
45452
16738
87524
95715
80760
27550
58808
92762
67650
44178
77097
20843
36430
23059
48277
46947
85726
92356
84751
26888
62073
57933
28442
50769
97012
80760
83281
25697
15301
74187
81067
20649
82808
34732
76464
35781
89986
72035
73132
45659
74161
94048
20843
46956
39097
83883
44307
89046
52578
40606
45167
50621
43473
60748
87361
60748
61539
11156
71698
89274
80760
37577
33573
61991
48488
80760
22112
29897
47932
25765
92252
77097
32490
29503
57018
32178
89473
20540
32178
46227
72035
60748
77097
92762
44738
76459
24578
78634
92252
61124
65696
51055
35781
63580
79129
17116
52578
81986
73820
92762
33808
43473
23808
81151
44424
77003
79166
43047
28757
30206
76459
35781
37648
89353
52984
18855
92252
60184
61012
68250
89512
80760
42210
17962
89796
68405
61539
20540
78467
99213
35781
61539
71396
69562
97620
60768
36928
25697
32178
38138
25697
67787
21718
79589
84731
61539
83313
91715
39097
37648
30506
39097
61539
58867
35781
43275
44738
92252
29159
78467
59675
11262
44738
78322
52977
21718
72035
89828
60748
32178
27703
20540
84718
47639
85109
67054
77097
95680
40117
21718
76619
18411
62071
72035
70754
31065
21718
40782
43473
20843
22994
40716
28627
68538
25156
77097
77097
78467
36942
23213
61360
35781
79589
92066
28171
74543
84718
28442
92762
39097
92252
60223
70229
35781
79589
79965
14227
80760
67051
72035
39097
83883
76459
32178
81151
84718
92936
41869
72035
74833
15295
47398
44738
66763
41667
24392
54679
60748
72720
20540
36662
12924
75630
52984
69076
32065
76459
64434
43749
32614
78467
90971
25697
12152
32178
18405
44738
76459
59672
69076
81151
17588
16319
99026
54241
84718
68926
84718
22018
35781
39267
93659
82028
92765
37648
60748
15314
83883
42151
39097
60748
69423
20843
34197
61764
28363
34713
81067
53151
25131
25697
83358
23263
81559
34834
23884
73924
46691
23340
18409
25515
69609
25697
76459
95026
83206
44495
36987
43473
43473
44738
81067
82826
43646
80760
10687
32178
36088
25697
39097
37648
66803
16037
20540
47464
37648
74023
33274
97575
25697
48419
25173
51474
75816
80760
73906
96322
25697
80760
77822
48276
48409
59450
42103
13352
52984
92762
11445
83597
62612
85726
23518
32662
71871
72035
90060
31991
43473
44495
86232
81067
52984
86494
98749
24014
35781
25697
25697
81601
78131
43260
11599
30402
46252
80760
15435
40848
52578
92252
92762
69724
77097
70562
20540
48749
51485
77097
35918
92762
52984
42210
34368
60748
78467
78467
13782
20716
20540
72035
88048
43473
93533
83883
80045
72035
28819
20843
19198
25697
25697
34899
84718
20540
20540
74304
33425
95646
37648
78467
17766
75924
37648
79052
42991
75439
97868
92252
92762
32178
74280
31544
62085
75894
77838
24247
55285
20540
84363
83883
19323
25697
77726
21449
39950
79309
14075
54251
84880
83883
62916
39191
76639
69076
92252
20540
42671
25490
27770
83883
19198
44738
32178
14399
12291
62312
19177
55565
24002
69076
47157
92762
20540
92762
77858
78467
30664
39795
33272
54823
99039
23548
20540
42671
78621
58861
92703
72035
42210
35781
94627
39358
77374
20843
35781
90042
25697
92252
19198
92252
76459
37648
70552
44738
83883
60687
65500
19442
78935
76459
82563
71638
93445
44738
76459
42481
30034
20843
61539
40937
50046
71537
44507
92762
31623
88911
81151
81151
50336
92252
37648
40879
60748
20540
67476
80760
72429
37648
20843
78467
23702
76459
44738
44240
19059
80760
42210
42671
61080
68627
32614
56271
41563
62867
43417
61539
80760
21763
48757
36097
21134
40592
81067
28270
63823
92252
54575
52984
35781
76268
15099
24491
31467
37648
97080
32178
16864
26852
10379
40936
63694
37648
28689
57472
43473
43852
20716
20125
11853
20843
92762
37320
24917
35781
20540
20540
12607
44495
77706
34181
69737
54282
84718
38902
16081
75780
89913
76234
92745
44738
39242
98910
76587
74779
55432
13148
32614
22506
78757
32614
39877
52969
33132
47303
36750
48801
91679
20540
74190
84718
69076
44738
35486
24004
69819
68680
21625
78452
37648
31642
41279
80760
34541
73389
42210
39399
55320
87304
51288
12352
57673
50327
43473
49359
35781
72035
72831
78467
21023
23804
23423
85726
69076
12344
83883
65861
61539
69762
44738
42174
81067
37648
20843
39097
38796
42210
42245
32614
57203
76885
52984
32178
37648
32316
35781
44140
92540
19198
32614
96431
15175
75651
80760
20843